[ 5881.563352] [Project1] 63456 1588082605.315337002 1588082606.092776596
[ 5883.121615] [Project1] 63457 1588082606.875992150 1588082607.651024365
[ 5884.669877] [Project1] 63458 1588082608.450390895 1588082609.199273227
[ 5886.249117] [Project1] 63459 1588082610.002193096 1588082610.778497996
[ 5887.848717] [Project1] 63460 1588082611.589077377 1588082612.378083325
[ 5889.452270] [Project1] 63461 1588082613.188678788 1588082613.981622295
[ 5891.048639] [Project1] 63462 1588082614.795788681 1588082615.577975568
[ 5892.633956] [Project1] 63463 1588082616.371606941 1588082617.163277412
[ 5894.224086] [Project1] 63464 1588082617.970696078 1588082618.753393103
[ 5895.806237] [Project1] 63465 1588082619.520797151 1588082620.335529783
